#### Environment ####

# Huizhu's data
suicide <- c(6,10,10) 
s.prob <- c(1/3, 1/3, 1/3)
compromise <- c(10,5,1,1,1,0,7)
d.prob <- c(1/6, 1/6, 1/8, 1/8, 1/8, 1/8, 1/6)


#####

# Q1 by Closed Form

#### Estimation ####
# basic probabilities 
q = 1/8 #prob for 0
# suicides 
ps6 = 1/3 
ps10 = 2/3
ps11 = 0
# compromises 
pc1 = 1/8 * 3 
pc5 = 1/6
pc7 = 1/6
pc10 = 1/6

# compute P1 - P12
{
  # P1
  P1 = ps6 * (pc7+pc10)
  
  # P2
  P2 = ps6^2 * (pc1*(pc7+pc10) + pc5*pc5) + 
    ps6*ps10 * (pc1*(pc7+pc10) + pc5*(pc5+pc7+pc10)) + 
    ps6*ps11 * (pc1*(pc7+pc10) + pc5*(pc5+pc7+pc10)) + 
    ps10*ps6 * (pc1*pc10 + pc5*(pc7+pc10) + pc7*(pc5+pc7) + pc10*(pc1+pc5)) + 
    ps10^2 * (pc1*pc10 + pc5*(pc7+pc10) + pc7*(pc5+pc7+pc10) + pc10*(pc1+pc5+pc7)) +
    ps10*ps11 * (pc1*pc10 + pc5*(pc7+pc10) + pc7*(pc5+pc7+pc10) + pc10*(pc1+pc5+pc7+pc10)) +
    ps11*ps6 * (pc5*(pc7+pc10) + pc7*(pc5+pc7) + pc10*(pc5)) +
    ps11*ps10 * (pc5*(pc7+pc10) + pc7*(pc5+pc7+pc10) + pc10*(pc5+pc7+pc10)) +
    ps11^2 * (pc5*(pc7+pc10) + pc7*(pc5+pc7+pc10) + pc10*(pc5+pc7+pc10))
  
  # P3 
  P3 = ps6^2 * (pc1^2*(pc5+pc7) + pc1*pc5*2*(pc1+pc5)) + 
    ps6*ps10 * (pc1^2*(pc5+pc7+pc10) + pc1*pc5*2*(pc1+pc5+pc7)) + 
    ps6*ps11 * (pc1^2*(pc5+pc7+pc10) + pc1*pc5*2*(pc1+pc5+pc7+pc10)) +
    ps10*ps6 * (pc1^2*pc10 + pc1*pc5*2*(pc5+pc7) + pc1*pc7*2*(pc5+pc7) + pc5^2*(pc1+pc5)) + 
    ps10^2 * (pc1^2*pc10 + pc1*pc5*2*(pc5+pc7+pc10) + pc1*pc7*2*(pc5+pc7+pc10) + pc5^2*(pc1+pc5+pc7)) + 
    ps10*ps11 * (pc1^2*pc10 + pc1*pc5*2*(pc5+pc7+pc10) + pc1*pc7*2*(pc5+pc7+pc10) + pc5^2*(pc1+pc5+pc7+pc10)) +
    ps11*ps6 * (pc1^2*pc10 + pc1*pc5*2*(pc7+pc10) + pc1*pc7*2*(pc5+pc7) + pc1*pc10*2*(pc1+pc5) + pc5^2*(pc5)) + 
    ps11*ps10 * (pc1^2*pc10 + pc1*pc5*2*(pc7+pc10) + pc1*pc7*2*(pc5+pc7+pc10) + pc1*pc10*2*(pc1+pc5+pc7) + pc5^2*(pc5+pc7+pc10)) + 
    ps11^2 * (pc1^2 *pc10 + pc1*pc5*2*(pc7+pc10) + pc1*pc7*2*(pc5+pc7+pc10) + pc1*pc10*2*(pc1+pc5+pc7+pc10) + pc5^2*(pc5+pc7+pc10)) 
  
  # P4
  P4 = ps6^2 * (pc1^3*(pc5+pc7)) + 
    ps6*ps10 * (pc1^3*(pc5+pc7+pc10)) +
    ps6*ps11 * (pc1^3*(pc5+pc7+pc10)) +
    ps10*ps6 * (pc1^3*pc10 + pc1^2*pc5*3*(pc5+pc7) + pc1^2*pc7*3*(pc5)) +
    ps10^2 * (pc1^3*pc10 + pc1^2*pc5*3*(pc5+pc7+pc10) + pc1^2*pc7*3*(pc5+pc7+pc10)) +
    ps10*ps11 * (pc1^3*pc10 + pc1^2*pc5*3*(pc5+pc7+pc10) + pc1^2*pc7*3*(pc5+pc7+pc10)) +
    ps11*ps6 * (pc1^3*pc10 + pc1^2*pc5*3*(pc5+pc7) + pc1*pc5^2*3*(pc1+pc5) + pc1^2*pc7*3*(pc5+pc7)) +
    ps11*ps10 * (pc1^3*pc10 + pc1^2*pc5*3*(pc5+pc7+pc10) + pc1*pc5^2*3*(pc1+pc5+pc7) + pc1^2*pc7*3*(pc5+pc7+pc10)) +
    ps11^2 * (pc1^3*pc10 + pc1^2*pc5*3*(pc5+pc7+pc10) + pc1*pc5^2*3*(pc1+pc5+pc7+pc10) + pc1^2*pc7*3*(pc5+pc7+pc10)) 
  
  # P5
  P5 = ps6^2 * (pc1^4*(pc5+pc7)) + 
    ps6*ps10 * (pc1^4*(pc5+pc7+pc10)) +
    ps6*ps11 * (pc1^4*(pc5+pc7+pc10)) +
    ps10*ps6 * (pc1^4*(pc7+pc10) + pc1^3*pc5*4*(pc5+pc7) + pc1^3*pc7*4*(pc1+pc5)) +
    ps10^2 * (pc1^4*(pc7+pc10) + pc1^3*pc5*4*(pc5+pc7+pc10) + pc1^3*pc7*4*(pc1+pc5+pc7)) +
    ps10*ps11 * (pc1^4*(pc7+pc10) + pc1^3*pc5*4*(pc5+pc7+pc10) + pc1^3*pc7*4*(pc1+pc5+pc7+pc10)) +
    ps11*ps6 * (pc1^4*(pc10) + pc1^3*pc5*4*(pc5+pc7) + pc1^3*pc7*4*(pc5)) +
    ps11*ps10 * (pc1^4*(pc10) + pc1^3*pc5*4*(pc5+pc7+pc10) + pc1^3*pc7*4*(pc5+pc7+pc10)) +
    ps11^2 * (pc1^4*(pc10) + pc1^3*pc5*4*(pc5+pc7+pc10) + pc1^3*pc7*4*(pc5+pc7+pc10)) 
  
  # P6
  P6 = ps6^2 * (pc1^5*(pc5)) +
    ps6*ps10 * (pc1^5*(pc5+pc7+pc10)) +
    ps6*ps11 * (pc1^5*(pc5+pc7+pc10)) +
    ps10*ps6 * (pc1^5*(pc7+pc10) + pc1^4*pc5*5*(pc5)) +
    ps10^2 * (pc1^5*(pc7+pc10) + pc1^4*pc5*5*(pc5+pc7+pc10)) +
    ps10*ps11 * (pc1^5*(pc7+pc10) + pc1^4*pc5*5*(pc5+pc7+pc10)) +
    ps11*ps6 * (pc1^5*(pc7+pc10) + pc1^4*pc5*5*(pc5+pc7) + pc1^4*pc7*5*(pc1+pc5)) +
    ps11*ps10 * (pc1^5*(pc7+pc10) + pc1^4*pc5*5*(pc5+pc7+pc10) + pc1^4*pc7*5*(pc1+pc5+pc7)) +
    ps11^2 * (pc1^5*(pc7+pc10) + pc1^4*pc5*5*(pc5+pc7+pc10) + pc1^4*pc7*5*(pc1+pc5+pc7+pc10)) 
  
  # P7
  P7 = ps6^2 * (pc1^6*(pc1+pc5)) +
    ps6*ps10 * (pc1^6*(pc1+pc5+pc7)) +
    ps6*ps11 * (pc1^6*(pc1+pc5+pc7+pc10)) +
    ps10*ps6 * (pc1^6*(pc5+pc7) + pc1^5*pc5*6*(pc1+pc5)) +
    ps10^2 * (pc1^6*(pc5+pc7+pc10) + pc1^5*pc5*6*(pc1+pc5+pc7)) +
    ps10*ps11 * (pc1^6*(pc5+pc7+pc10) + pc1^5*pc5*6*(pc1+pc5+pc7+pc10)) +
    ps11*ps6 * (pc1^6*(pc7+pc10) + pc1^5*pc5*6*(pc5)) +
    ps11*ps10 * (pc1^6*(pc7+pc10) + pc1^5*pc5*6*(pc5+pc7+pc10)) +
    ps11^2 * (pc1^6*(pc7+pc10) + pc1^5*pc5*6*(pc5+pc7+pc10)) 
  
  # P8
  P8 = ps10*ps6 * (pc1^7*(pc5+pc7)) + 
    ps10^2 * (pc1^7*(pc5+pc7+pc10)) + 
    ps10*ps11 * (pc1^7*(pc5+pc7+pc10)) + 
    ps11*ps6 * (pc1^7*(pc5+pc7) + pc1^6*pc5*7*(pc1+pc5)) + 
    ps11*ps10 * (pc1^7*(pc5+pc7+pc10) + pc1^6*pc5*7*(pc1+pc5+pc7)) + 
    ps11^2 * (pc1^7*(pc5+pc7+pc10) + pc1^6*pc5*7*(pc1+pc5+pc7+pc10))  
  
  # P9
  P9 = ps10*ps6 * (pc1^8*(pc5+pc7)) + 
    ps10^2 * (pc1^8*(pc5+pc7+pc10)) +
    ps10*ps11 * (pc1^8*(pc5+pc7+pc10)) +
    ps11*ps6 * (pc1^8*(pc5+pc7)) +
    ps11*ps10 * (pc1^8*(pc5+pc7+pc10)) +
    ps11^2 * (pc1^8*(pc5+pc7+pc10)) 
  
  # P10
  P10 = ps10*ps6 * (pc1^9*(pc5)) +
    ps10^2 * (pc1^9*(pc5+pc7+pc10)) +
    ps10*ps11 * (pc1^9*(pc5+pc7+pc10)) +
    ps11*ps6 * (pc1^9*(pc5+pc7)) +
    ps11*ps10 * (pc1^9*(pc5+pc7+pc10)) +
    ps11^2 * (pc1^9*(pc5+pc7+pc10)) 
  
  # P11
  P11 = ps10*ps6 * (pc1^10*(pc1+pc5)) +
    ps10^2 * (pc1^10*(pc1+pc5+pc7)) +
    ps10*ps11 * (pc1^10*(pc1+pc5+pc7+pc10)) +
    ps11*ps6 * (pc1^10*(pc5)) +
    ps11*ps10 * (pc1^10*(pc5+pc7+pc10)) +
    ps11^2 * (pc1^10*(pc5+pc7+pc10)) 
  
  # P12
  P12 = ps11*ps6 * (pc1^11*(pc1+pc5)) +
    ps11*ps10 * (pc1^11*(pc1+pc5+pc7)) +
    ps11^2 * (pc1^11*(pc1+pc5+pc7+pc10)) 
}
PP <- c(P1, P2, P3, P4, P5, P6, P7, P8, P9, P10, P11, P12)
remove(P1, P2, P3, P4, P5, P6, P7, P8, P9, P10, P11, P12)

# Fine-tuning part (find appropriate n)
{
  potential_n <- c(50, 100, 500, 1000, 5000, 10^4, 1.5*10^4)
  # start while loop
  epsilon = 100
  i = 1
  # control the error within 10^(-10)
  # use largest t = 11 get the bound
  while(epsilon >= 10^(-10)){
    n = potential_n[i]
    coeff = prod(seq(from = n+1, to = n+11, by = 1)) # product of the vector
    epsilon = coeff * q^n * ( q/((n+1)/(11+n+1) - q) - q/(1-q) ) # error of sum
    i = i + 1
  }
  remove(i, coeff, epsilon, potential_n)
}

# use partial sum to approximate infinite sum
{
  i <- 1:n
  PPC <- vector()
  # P1 coefficient (P1C)
  PPC <- append(PPC, 1/(1-q)) 
  # P2
  PPC <- append(PPC, q/(1-q)^2 + 1/(1-q) ) 
  # P3 - P12 (by approximation)
  PPT <- sapply(seq(from = 2, to = 11, by = 1), function(t){
    # factorial part
    coeff <- sapply(i, function(k){
      prod(seq(from = k+1, to = k+t, by = 1))
    })
    # q^k part
    product <- rep(q, n)^i
    # combine
    return(1 + 1/factorial(t) * ( sum(coeff * product) + 
                                    prod(seq(from = n+1, to = n+t, by = 1)) * q^n * q/(1-q)) )
  })
  PPC <- append(PPC, PPT)
  remove(n, PPT, i)
}
remove(q, ps6, ps10, ps11, pc1, pc5, pc7, pc10)

# get probability: compromise between first and second suicides
pr_target <- 1 - sum(PP*PPC)


#####

#### Bootstrap ####

# get bootstrap cdf of estimation error
# that is, first construct 10^5 bootstrap samples, 
BB = 10^5 
# list containing bootstrap samples
SS_data <- list()
CC_data <- list()
# construct 10^5 bootstrap samples
set.seed(1019)
for (j in 1:BB){
  # construct three suicides
  SS <- sample(suicide, size = 3, replace = T, prob = NULL)
  # construct compromises
  i = 0
  CC <- vector()
  while (i <= sum(SS)){
    CC <- append(CC, sample(compromise, size = 1, replace = T, prob = d.prob))
    i <- sum(CC)
  }
  # append
  SS_data[[j]] <- SS
  CC_data[[j]] <- CC[1:length(CC)-1]
}
remove(CC, SS, i, j)


## get the target probability from each of these sample
# vector containing errors 
